2 5 10
4 10 25 1 5
6 0 5 5 8 9 8
8 0 0 0 0 0 100 0 0
6 100 99 98 97 96 95
6 95 96 100 100 96 95
2 0 0
8 100 99 98 97 96 95 94 93
4 4 3 2 1
4 83 50 14 11
8 83 50 14 11 39 79 1 25
8 0 0 0 0 0 100 99 0
8 0 0 0 0 0 0 9 0
10 100 100 100 100 100 100 100 100 100 100
10 5 5 5 5 5 5 5 5 5 5
10 0 0 0 0 0 0 0 0 0 0
10 1 2 3 4 5 6 7 8 9 10
10 10 9 8 7 6 5 4 3 2 1
10 0 0 0 0 0 0 0 0 100 10
20 70 32 39 35 47 13 36 65 58 81 51 29 60 20 86 96 80 34 49 29
30 86 64 8 5 69 34 69 33 92 46 0 28 72 100 83 53 76 81 69 74 66 72 54 32 95 32 45 89 87 24
50 9 41 95 99 14 72 74 38 22 21 64 69 56 55 21 32 6 3 92 37 91 53 52 66 27 79 43 83 51 65 92 94 21 38 48 11 53 42 64 90 26 75 96 56 90 27 94 31 33 43
80 47 46 31 39 30 51 38 90 60 34 38 38 70 39 19 33 26 88 92 38 2 20 11 23 17 42 28 92 67 88 12 46 48 15 98 35 16 2 83 5 51 91 22 92 0 46 69 59 61 55 76 45 58 52 38 14 12 99 75 65 20 85 24 100 56 90 76 9 28 87 83 82 78 97 95 74 67 93 63 60
100 38 78 31 13 1 98 94 11 17 42 9 27 38 93 75 7 82 58 28 97 90 63 90 89 54 35 26 96 53 48 22 100 98 66 61 62 6 61 92 93 23 26 95 23 9 77 100 92 93 46 98 96 26 80 85 11 44 33 67 37 50 69 97 54 32 66 44 72 50 34 79 52 73 48 66 65 23 91 62 85 6 24 4 72 66 75 74 53 70 56 42 43 49 5 63 18 87 67 41 93
200 71 49 43 91 58 83 18 71 18 54 81 50 0 98 50 50 47 5 20 28 20 34 57 45 20 100 13 77 49 50 29 91 4 44 23 22 55 95 49 72 71 33 30 58 66 53 40 49 29 69 40 3 99 64 43 48 57 59 18 21 99 84 0 7 51 64 24 100 98 25 46 96 88 17 65 97 80 57 19 83 99 2 60 48 64 55 83 78 56 94 17 33 93 36 56 34 71 59 24 10 42 34 63 6 3 30 46 8 34 50 86 81 91 25 47 84 72 62 42 58 79 44 9 40 77 97 60 8 75 18 79 11 48 67 82 83 4 32 13 2 28 66 68 88 92 98 48 99 85 25 17 23 38 93 74 34 100 43 1 84 27 72 24 23 77 63 13 20 33 27 82 54 62 27 18 67 45 18 85 47 65 80 32 28 3 63 64 73 12 43 0 29 48 91 73 32 95 51 95 28
400 84 58 46 3 38 49 21 94 45 30 61 48 81 49 40 40 94 18 15 79 72 56 3 29 8 85 15 91 70 51 93 33 0 8 81 57 64 36 86 61 39 14 56 88 2 50 21 42 83 64 39 41 36 34 85 84 30 7 20 16 74 72 2 77 87 3 35 87 50 83 53 76 28 93 27 14 1 86 84 35 97 43 26 15 66 15 47 9 94 51 36 93 82 15 46 16 94 8 40 29 8 76 89 64 67 29 12 46 55 53 64 33 16 43 44 21 25 33 23 37 27 49 88 69 70 72 74 25 28 28 2 88 55 92 89 62 61 25 24 65 43 39 27 68 75 90 40 43 84 7 72 14 16 75 78 60 21 25 65 91 50 10 7 31 10 98 75 26 73 27 57 16 47 21 67 84 57 49 39 34 10 53 79 2 98 43 89 45 19 47 25 17 71 42 18 93 97 51 1 28 13 19 80 15 54 67 2 45 2 28 42 11 81 71 62 82 60 8 80 71 51 0 93 24 58 51 78 74 38 1 46 52 51 27 42 40 52 35 85 27 4 77 31 56 71 56 64 45 46 68 89 49 6 40 27 49 30 5 4 38 65 87 16 1 5 15 71 35 32 76 90 25 7 83 64 17 61 93 56 2 54 56 32 57 79 9 22 41 58 14 98 18 8 36 49 92 48 92 71 10 91 27 23 46 10 75 80 8 34 55 39 80 32 51 3 37 66 45 97 67 67 26 32 9 2 72 7 58 5 3 25 41 25 21 18 15 65 24 91 9 77 9 40 15 84 71 75 98 67 72 98 8 36 33 63 76 86 3 85 47 58 39 96 68 37 79 38 74 76 40 93 66 80 13 16 69 63 73 98 12 85 5 1 65 97 66 22 44 100 34 0 25 35 26 20 100 31 10 71 76
500 0 75 56 89 35 11 52 9 79 56 99 21 25 55 11 49 32 95 21 7 89 54 2 71 24 33 18 7 14 20 35 93 50 20 31 52 38 42 59 27 94 59 86 30 98 17 60 90 82 32 47 26 100 47 68 80 63 72 85 29 98 0 77 12 91 7 44 0 88 34 78 24 22 64 42 10 14 80 7 32 35 31 68 25 83 86 1 63 43 92 93 69 95 34 70 37 37 10 1 41 87 6 78 19 33 91 33 97 90 22 41 37 36 86 27 94 93 36 36 48 8 84 94 97 22 96 17 85 61 43 88 46 40 67 55 48 47 100 98 93 44 13 78 80 83 29 49 89 85 51 31 77 58 80 19 46 0 51 49 89 85 60 64 55 56 16 35 61 39 94 55 66 97 15 63 52 23 36 33 32 20 77 78 7 42 51 77 19 53 55 23 99 87 54 71 73 46 46 71 21 35 15 2 49 74 77 67 61 63 21 61 10 62 49 92 13 65 12 53 82 6 53 26 81 97 64 26 69 24 36 43 13 17 47 15 42 3 39 93 29 57 42 88 77 76 95 18 85 84 15 10 65 89 83 75 14 96 63 27 80 8 60 61 33 18 14 48 9 16 36 67 96 14 94 51 51 30 30 31 25 8 56 95 67 34 72 9 97 22 70 48 5 20 79 63 94 26 80 31 81 46 90 49 15 100 14 62 15 99 64 31 56 1 67 23 51 77 37 2 39 63 42 42 15 84 46 13 22 80 50 75 53 30 13 21 57 26 81 13 20 56 95 49 12 82 26 97 45 56 88 53 70 62 77 38 39 24 5 6 64 72 70 67 87 9 10 100 5 65 11 76 83 82 11 42 48 17 48 92 44 14 23 88 30 14 12 47 78 74 93 65 79 50 26 73 9 26 76 23 63 37 66 97 82 57 93 96 28 31 89 63 8 96 33 62 82 69 29 55 94 65 30 36 40 13 46 36 14 28 95 64 45 17 43 1 66 67 10 25 38 100 47 44 63 49 99 60 98 26 46 27 16 33 36 1 40 13 97 81 60 65 42 16 85 35 85 96 45 99 24 71 74 51 61 46 100 26 90 94 67 42 25 7 42 20 15 65 86 56 86 5 70 90 86 8 29 70 70 61 100
800 44 87 3 52 69 7 57 74 81 69 1 97 24 67 16 30 68 66 61 98 100 63 90 34 57 82 94 43 58 21 58 72 99 40 22 1 87 6 47 9 70 88 52 7 33 12 54 7 21 74 52 14 57 17 90 7 27 79 53 4 86 0 24 72 57 16 53 68 94 17 59 95 55 91 42 37 85 44 99 67 29 18 29 90 93 80 40 10 62 14 98 8 96 10 79 74 22 39 51 12 31 42 19 82 100 9 94 37 44 87 4 65 45 67 11 92 25 20 53 31 26 17 65 66 79 95 13 17 97 23 98 12 95 20 27 92 71 70 62 77 33 2 6 25 23 81 45 5 25 50 20 20 91 7 21 2 85 37 3 10 87 74 5 59 31 33 65 9 38 87 25 39 24 97 16 37 22 9 5 30 16 21 11 97 24 96 62 59 12 62 100 23 3 85 11 61 41 4 90 84 76 65 93 23 45 12 24 54 3 93 95 84 78 27 73 43 2 81 8 94 15 35 31 94 59 42 85 42 80 97 37 33 59 100 0 45 76 37 99 98 31 63 44 97 39 0 29 9 4 57 12 79 100 62 4 24 70 23 19 41 53 13 23 38 68 80 13 34 48 97 86 52 74 41 13 14 84 14 86 9 9 3 53 3 25 90 5 85 55 96 39 13 22 98 38 46 84 81 25 39 48 58 10 70 1 40 91 2 49 85 22 23 2 96 36 71 4 4 99 8 37 15 96 29 0 35 55 72 95 73 57 19 16 27 76 68 89 63 90 37 25 65 100 98 71 95 97 2 3 34 24 96 42 33 69 76 54 52 21 92 87 11 57 53 44 54 61 28 12 3 56 13 55 53 54 43 4 55 99 32 40 49 2 10 99 87 65 54 2 13 64 51 54 49 2 35 77 26 26 0 52 46 61 41 34 83 4 38 98 22 33 10 88 55 32 86 37 6 21 81 18 25 88 61 91 23 100 72 13 74 8 97 92 66 3 44 12 33 42 24 45 30 20 5 70 4 90 17 93 11 1 90 28 36 76 96 94 66 82 90 5 66 22 98 17 29 12 65 93 20 40 11 49 5 6 100 67 86 28 67 5 14 97 29 11 34 91 97 67 97 9 27 58 13 62 48 19 91 43 59 30 3 49 72 10 65 68 90 8 31 80 64 14 16 29 64 100 46 70 71 12 29 74 41 28 68 98 58 91 99 82 98 34 82 98 47 36 14 8 89 79 10 56 1 64 8 45 73 78 43 32 91 39 64 93 2 28 20 80 5 25 90 39 70 65 94 92 40 35 52 60 27 17 38 45 38 2 75 22 53 84 34 73 95 58 96 11 98 21 3 36 31 23 93 56 80 39 19 15 24 20 67 83 49 13 65 13 99 80 88 65 14 11 69 65 87 81 6 3 30 25 92 72 44 88 26 1 44 23 80 33 35 5 37 65 15 11 86 5 75 50 12 6 85 2 39 62 35 26 72 73 17 10 97 71 15 21 100 73 99 40 37 86 74 9 32 22 1 7 33 46 21 70 3 6 5 57 77 93 76 14 56 49 94 100 74 96 86 35 12 94 95 64 93 91 10 55 12 0 99 53 83 34 60 99 5 55 35 24 54 66 8 68 14 91 8 71 18 86 59 39 57 17 96 20 89 46 76 67 29 71 15 51 49 50 79 100 55 69 48 10 84 67 0 12 93 85 26 53 65 61 5 48 12 26 85 93 8 28 71 71 23 35 74 57 89 51 31 39 78 94 32 70 19 61 84 79 29 45 28 29 91 15 61 80 51 28 59 12 76 89 60 0 26 21 12 82 98 72 34
1000 87 93 1 93 15 54 90 55 98 50 15 10 36 11 25 27 54 36 62 30 67 56 60 73 89 62 87 85 87 13 27 73 13 5 96 51 8 24 75 77 6 73 66 85 62 86 43 70 97 21 92 27 97 54 52 5 72 44 16 62 88 14 8 97 97 16 3 42 66 4 14 79 44 7 98 80 50 10 99 23 34 49 11 95 94 14 53 19 92 75 24 28 55 17 85 22 14 13 85 18 59 11 86 56 51 52 35 37 95 25 1 84 96 54 44 92 6 25 27 42 91 50 51 86 8 83 5 29 47 77 24 48 8 1 44 67 73 97 36 16 45 9 39 17 15 62 38 93 32 12 20 66 16 54 65 50 24 9 96 65 82 77 37 12 93 71 21 37 59 22 83 93 2 82 77 52 29 89 73 89 23 43 54 50 18 63 66 53 31 37 59 41 4 75 64 11 37 59 29 60 58 0 88 54 22 4 56 84 78 39 54 88 87 26 28 18 49 43 78 44 10 48 80 37 8 21 76 59 27 44 58 90 27 92 89 8 12 78 0 73 3 10 15 10 81 11 21 60 64 53 55 86 96 63 16 96 86 59 71 85 97 44 75 51 22 49 57 76 34 44 8 46 51 92 19 95 16 87 91 31 23 38 81 57 76 44 8 25 34 21 77 35 34 20 24 30 5 16 86 94 0 85 58 96 71 60 58 95 60 83 71 51 89 38 63 53 90 95 73 1 56 31 46 70 82 73 31 82 38 25 100 14 80 24 4 79 13 84 48 78 28 70 74 8 25 81 41 85 33 57 3 65 53 2 62 67 33 42 98 25 90 1 52 6 93 25 82 18 35 22 37 30 94 60 92 54 2 88 81 77 52 16 75 21 33 40 37 18 37 10 2 46 29 59 22 53 11 93 2 3 95 26 0 51 80 5 93 5 92 67 78 71 46 97 36 43 5 40 8 32 94 100 4 94 29 3 19 54 64 71 57 89 52 37 41 57 64 98 24 47 66 20 53 26 70 63 18 67 84 87 44 32 57 72 41 85 67 32 80 24 29 45 12 95 73 84 90 80 77 71 11 27 5 39 59 13 29 21 28 96 83 59 39 57 34 33 24 1 21 31 69 95 41 43 16 7 25 91 5 65 2 99 58 61 90 5 73 22 84 19 50 98 23 21 16 62 87 25 48 92 76 77 79 11 85 30 92 77 79 69 77 77 78 96 46 28 3 92 2 56 46 42 50 7 27 34 28 18 26 34 84 67 14 38 30 37 0 15 43 21 7 21 18 93 93 16 34 76 33 61 83 35 81 19 67 25 20 44 54 11 20 85 78 7 27 74 74 48 79 45 51 22 90 42 74 6 90 57 61 14 70 69 77 96 8 17 23 16 30 92 1 43 88 43 59 58 5 32 85 38 67 8 73 29 4 16 15 28 66 54 42 21 7 58 76 87 0 47 15 12 90 5 6 30 2 16 32 26 45 54 71 15 63 35 47 56 35 18 43 84 70 84 71 40 42 64 100 76 81 58 19 8 32 5 32 7 91 51 80 90 43 70 64 6 17 96 89 82 70 14 84 13 4 65 21 78 73 13 96 46 29 39 90 68 98 4 72 22 30 36 63 90 1 0 25 49 36 100 91 51 96 60 96 73 25 54 42 9 3 21 40 94 78 22 59 18 26 2 45 38 53 100 22 32 24 58 46 100 78 99 24 75 6 2 62 35 41 52 62 75 40 97 36 34 8 79 38 54 63 93 0 37 45 9 74 90 19 44 44 29 51 84 39 30 99 79 95 88 13 97 88 78 91 35 15 95 60 20 14 33 54 57 14 13 45 78 14 0 98 51 64 26 23 89 63 59 71 18 34 34 57 69 4 92 68 27 38 21 24 100 56 82 51 69 92 78 43 53 16 69 73 65 82 92 9 86 1 68 24 38 51 93 40 90 75 51 88 50 94 74 44 11 6 89 6 94 65 58 86 27 33 64 61 58 98 44 80 89 39 31 65 49 40 99 85 19 39 58 69 73 98 28 16 88 90 12 78 85 95 97 70 32 95 20 83 96 44 17 60 52 37 89 0 51 26 2 65 61 17 83 31 58 95 77 92 5 6 72 25 88 71 50 46 39 7 38 62 34 78 61 25 70 36 42 43 34 65 69 7 56 6 56 1 54 56 25 73 78 36 57 10 39 9 94 19 63 59 86 23 18 87 40 5 80 54 64 7 79 34 81 94 89 81 78 6 4 84 99 16 61 35 18 1 65 57 16 46 55 13 93
0